# 2005,2006,2007,2008,2009,2010,2011,2012,2013,2014,2015,2016,2017,2018,2019
0.0,0.0,0.0,0.0,0.0,0.0,0.0,0.3,0.0,0.0,0.0,9.9,0.0,0.0,0.0
0.0,0.0,0.0,0.0,0.0,0.0,0.0,0.3,0.0,0.0,0.0,0.0,0.0,0.0,0.3
0.0,0.0,0.0,0.0,0.0,2.3,0.3,0.0,0.0,0.0,0.0,0.0,0.0,0.0,0.0
0.0,0.0,0.3,0.0,0.0,1.5,0.5,0.0,0.0,0.0,0.0,0.0,0.0,0.0,0.0
0.0,0.0,0.0,0.0,0.0,0.0,0.0,0.0,0.0,0.0,0.0,0.0,0.0,0.0,0.0
0.0,0.0,0.0,0.0,0.0,0.0,0.0,0.0,0.0,0.0,0.0,0.0,0.0,0.3,0.0
0.0,0.0,0.0,0.0,0.0,nan,0.5,0.0,0.0,0.0,0.0,0.0,0.0,0.5,0.0
0.0,0.0,0.0,0.0,0.0,1.3,0.5,0.0,0.0,0.0,0.0,0.0,0.0,0.0,0.0
0.0,0.0,0.0,0.0,0.0,1.0,0.0,0.0,0.0,0.0,0.0,0.0,0.0,0.0,0.0
0.0,0.0,0.0,0.0,0.0,0.0,0.0,0.0,0.0,0.0,0.0,0.0,0.0,0.0,0.0
0.0,0.0,0.0,0.0,0.0,0.0,0.0,0.0,0.0,0.0,0.0,0.0,0.0,0.0,nan
0.0,0.0,0.0,0.0,0.0,0.0,0.0,0.0,0.0,0.0,0.0,0.0,0.0,0.0,0.0
0.0,0.0,0.0,0.0,0.0,0.0,0.0,0.0,0.0,0.0,0.0,0.0,0.0,0.0,0.0
0.0,0.0,0.0,0.0,0.0,0.0,0.0,0.0,0.3,0.0,0.0,0.0,0.0,0.0,0.0
0.0,0.0,0.0,0.0,0.0,0.0,0.0,0.0,0.0,0.0,0.8,0.0,0.0,0.0,0.0
0.0,0.0,0.0,0.0,0.0,0.0,0.0,0.0,0.0,0.0,0.0,0.3,0.0,0.0,0.0
0.0,0.0,0.0,0.0,0.0,0.0,0.0,0.0,0.0,0.0,0.0,0.0,nan,0.0,0.0
0.0,0.0,0.0,0.0,0.0,0.0,0.0,0.0,0.0,0.0,0.0,0.0,0.5,0.0,0.0
0.0,0.0,0.0,0.0,0.0,0.0,0.0,0.0,0.0,0.0,0.0,9.9,0.0,0.0,0.0
0.0,0.0,0.0,0.5,0.0,0.0,0.0,0.0,0.0,0.0,0.5,0.0,0.0,0.0,0.0
0.0,0.0,0.0,0.3,0.0,0.0,0.0,0.0,0.0,0.0,0.0,9.9,0.0,0.0,0.0
0.0,0.0,0.0,0.0,0.0,0.0,0.0,0.0,0.0,0.0,0.0,9.9,0.0,0.0,0.0
0.0,0.5,0.3,0.0,0.0,0.0,0.0,0.0,0.0,0.0,0.0,9.9,0.0,0.0,0.0
0.0,0.0,0.0,0.0,0.0,0.0,0.0,0.0,0.0,0.0,0.0,0.0,0.0,0.0,0.0
0.0,0.0,0.3,0.0,0.0,0.0,0.0,0.0,0.0,0.0,0.3,9.9,0.0,0.0,0.0
0.0,0.0,0.0,0.0,0.0,0.0,0.0,0.0,0.0,0.0,0.3,0.0,0.5,0.0,0.0
0.0,0.0,0.0,0.0,0.0,0.0,0.0,0.0,0.0,0.0,0.0,0.0,0.0,0.3,0.0
0.0,1.0,0.0,0.0,0.0,0.0,0.0,0.0,0.0,0.0,0.8,0.0,0.0,0.0,0.0
0.0,0.0,0.0,0.0,0.0,0.0,0.0,0.0,0.0,0.0,0.3,0.0,0.0,0.0,0.0
0.0,0.0,0.0,0.0,0.0,0.0,0.0,0.0,0.0,0.0,0.0,0.0,0.0,0.0,0.0
0.0,0.0,0.0,0.0,0.0,0.3,0.0,0.0,0.0,0.0,0.0,0.0,0.0,0.0,0.0
0.0,0.0,0.0,0.0,0.0,0.0,0.0,0.0,0.0,0.0,0.0,0.0,0.0,0.0,0.0
0.0,0.0,0.0,0.0,0.0,0.0,0.0,0.0,0.0,0.0,0.0,0.0,0.0,0.0,nan
0.0,0.0,0.0,0.0,0.0,0.0,0.0,0.0,0.0,0.0,0.0,0.0,0.0,0.0,0.5
0.0,0.0,0.0,0.0,0.0,0.0,0.0,0.0,0.0,0.0,0.0,0.0,0.0,0.0,0.0
0.8,0.0,0.0,0.0,0.0,0.0,0.0,0.0,0.0,0.0,0.0,0.0,0.0,0.0,0.0
0.0,0.0,0.0,0.0,0.0,0.0,0.0,0.0,0.0,0.0,0.0,0.0,0.0,nan,0.0
0.0,0.0,0.0,0.0,0.0,0.0,0.0,0.0,0.0,0.5,0.0,0.0,0.5,0.0,0.0
0.0,0.0,0.0,0.0,0.0,0.0,0.0,0.0,0.0,0.0,0.0,0.0,0.0,0.0,0.0
0.0,0.0,0.0,0.0,0.0,0.0,0.0,0.0,0.0,0.0,0.0,0.0,0.0,0.0,0.0
0.0,0.0,0.0,0.0,0.0,0.0,0.0,0.0,0.0,0.0,0.0,0.0,0.0,0.0,0.3
0.0,0.0,0.0,0.0,0.0,0.0,0.0,0.0,0.0,0.0,0.0,0.0,0.0,0.0,0.3
0.0,0.0,0.0,0.0,0.5,0.0,0.0,0.0,0.0,0.0,0.0,1.8,0.0,0.0,0.0
0.0,0.0,0.0,0.0,1.0,0.0,0.0,0.0,0.0,0.0,0.0,0.0,0.0,0.0,0.0
0.0,0.0,0.0,0.0,0.5,0.0,0.0,0.0,0.0,0.0,0.0,0.0,0.0,0.0,3.3
0.0,0.0,0.0,0.0,0.0,0.0,0.0,0.0,0.0,0.0,0.5,20.1,0.0,0.0,0.0
0.0,0.0,0.0,0.0,0.0,0.0,0.0,0.0,0.0,0.0,0.5,20.1,0.0,0.0,0.0
0.0,0.0,0.0,0.0,0.0,0.0,0.0,0.0,0.0,0.0,0.0,0.0,0.0,0.0,0.0
0.0,0.0,0.0,0.0,0.0,0.0,0.0,0.0,0.0,0.0,0.0,0.0,0.0,0.0,0.0
0.0,0.0,0.0,0.0,0.0,0.0,0.0,0.0,0.0,0.0,0.0,0.0,0.0,0.0,0.0
0.0,0.0,0.0,0.0,0.0,0.0,0.0,0.0,0.0,0.0,0.0,0.0,0.0,0.0,20.1
0.3,0.0,0.0,0.0,0.0,0.0,0.0,0.0,0.0,0.0,0.8,0.0,1.5,0.0,20.1
0.0,0.0,0.0,0.0,0.0,0.0,0.0,0.0,0.0,0.0,0.5,0.0,0.0,0.0,9.9
0.0,0.0,0.0,0.0,0.0,0.0,0.0,0.0,0.0,0.0,0.0,0.0,0.0,0.0,9.9
0.0,0.0,0.0,0.0,0.0,0.3,0.0,0.0,0.0,0.0,0.0,0.0,0.0,0.0,0.0
0.0,0.0,0.0,0.0,0.0,0.0,3.0,0.0,0.0,0.0,0.0,0.0,0.0,0.0,0.0
0.0,0.0,0.0,0.0,0.0,nan,0.0,0.0,0.0,0.0,0.0,1.0,0.0,0.0,0.0
0.0,0.3,0.0,0.0,0.0,0.0,0.0,0.0,0.0,0.0,0.0,0.3,0.0,0.0,0.0
0.0,0.0,0.3,0.0,0.0,0.0,0.0,0.0,0.0,0.0,0.0,0.0,0.0,0.0,0.0
0.0,0.0,1.5,0.0,0.0,0.5,0.0,0.0,0.0,0.0,0.0,0.0,0.0,0.0,0.0
0.3,0.0,1.3,0.0,0.0,0.0,0.0,0.0,0.0,0.0,0.0,0.0,0.0,0.0,0.0
0.0,0.0,3.3,0.0,0.0,2.3,0.0,0.8,0.0,0.0,0.0,0.0,0.0,0.0,0.0
0.0,0.0,0.0,0.0,0.3,2.0,0.0,1.5,0.0,0.0,0.0,0.0,0.0,0.0,0.0
0.0,0.0,0.0,0.0,0.0,0.5,0.0,0.5,0.0,0.0,0.0,0.0,0.0,0.0,0.0
0.0,0.0,0.0,0.0,0.0,0.0,0.0,0.3,0.0,0.0,0.0,0.0,0.0,0.0,0.0
0.0,0.0,0.0,0.0,0.0,0.0,0.0,0.0,0.0,0.0,0.0,0.0,0.0,0.0,0.0
0.0,0.0,0.0,0.0,0.0,0.0,0.0,0.0,0.0,0.0,0.0,0.0,0.0,0.0,0.0
0.0,0.0,0.0,0.0,0.0,0.0,0.0,0.0,0.0,0.0,0.0,0.0,0.0,0.0,nan
0.0,0.0,0.0,0.0,0.0,0.0,0.0,0.0,0.0,0.0,0.0,0.0,0.0,0.0,0.0
0.0,0.0,0.0,0.0,0.0,0.0,0.0,0.0,0.0,0.0,0.0,0.0,0.0,0.0,0.0
0.0,0.0,0.0,0.0,0.0,0.0,nan,0.0,0.0,0.0,0.0,0.0,0.0,0.0,0.0
0.0,0.0,0.0,0.0,0.0,0.0,0.0,0.0,0.0,0.0,0.0,0.0,0.0,0.0,0.0
0.0,0.0,0.0,0.0,0.0,0.0,0.0,0.0,0.0,0.0,0.0,0.0,0.0,0.5,0.0
0.0,0.0,0.0,0.0,0.0,0.0,0.0,1.8,0.0,0.0,0.0,0.0,0.0,0.0,0.0
0.3,0.0,0.0,0.0,0.0,0.0,0.0,0.0,0.0,0.0,0.0,0.0,0.0,0.0,0.0
0.0,0.0,0.0,0.0,0.0,0.0,0.0,0.0,0.0,0.0,0.0,0.0,0.0,0.0,0.0
0.0,0.0,0.0,0.0,0.0,0.0,0.0,0.0,0.3,0.0,0.0,0.0,0.0,0.0,0.0
0.0,0.0,0.0,0.0,0.0,0.3,0.0,0.0,0.0,0.0,0.0,0.0,0.0,0.0,0.0
0.0,0.0,0.0,0.5,0.0,0.0,0.0,0.0,0.0,0.0,0.0,0.0,0.0,0.0,0.8
0.0,0.0,0.0,0.0,0.0,0.0,0.0,0.0,0.0,0.0,0.0,0.0,0.0,0.0,0.0
0.0,0.0,0.0,0.0,0.0,0.0,0.0,0.0,0.0,0.0,0.0,0.0,0.0,0.0,0.0
0.0,0.0,0.0,0.0,0.0,0.0,0.0,0.0,0.3,0.0,0.0,0.0,8.4,0.0,0.0
0.0,0.0,0.0,0.0,0.0,0.0,0.0,0.0,0.0,0.0,0.0,0.0,2.0,0.0,0.0
0.0,0.0,0.0,0.0,0.0,0.0,0.0,0.0,0.0,0.0,0.0,0.0,0.5,0.0,0.0
0.0,0.0,0.0,0.0,0.0,0.0,0.0,0.0,0.0,0.0,0.0,0.0,0.0,0.0,0.0
0.0,0.0,0.0,0.0,0.0,0.0,0.0,0.0,0.0,0.0,0.0,0.0,0.0,0.0,0.0
0.0,0.0,0.0,5.6,0.0,0.0,0.0,0.0,0.0,0.3,0.0,0.0,0.0,0.0,0.0
0.0,0.0,0.0,0.0,0.0,0.0,0.0,0.0,0.0,0.0,0.0,0.0,0.0,0.0,0.0
0.0,0.0,0.0,0.0,0.0,0.0,0.0,0.0,0.0,0.0,0.0,0.0,0.0,2.5,0.0
0.0,0.0,0.0,2.0,0.0,0.0,0.0,0.0,3.3,0.0,0.0,0.0,0.0,1.5,0.0
0.0,0.0,0.3,0.0,0.0,0.0,0.0,0.0,0.0,0.0,14.5,0.0,0.0,0.0,0.0
0.0,0.0,0.0,0.0,0.0,0.0,0.0,0.0,0.0,0.0,3.0,0.0,0.0,0.0,0.0
0.0,0.0,0.0,0.0,0.0,0.0,0.0,0.0,0.0,0.0,2.3,0.0,0.0,0.0,0.0
0.0,0.0,0.0,0.0,0.0,0.0,0.0,0.0,0.5,0.0,2.3,0.0,0.0,1.8,0.0
0.0,0.0,0.0,0.0,0.0,0.0,4.3,0.0,0.0,0.0,0.0,0.0,0.5,0.0,0.0
0.0,0.0,0.0,0.0,0.0,0.0,0.0,0.0,0.0,0.0,0.0,0.5,0.5,0.0,0.0
0.0,0.0,0.0,0.0,0.0,0.0,0.0,0.0,0.3,0.0,0.0,0.0,0.0,0.0,0.0
0.0,0.0,0.0,0.0,0.0,0.0,0.0,0.0,0.0,0.0,nan,0.0,0.0,0.0,0.0
0.0,0.0,0.0,0.0,2.5,0.8,0.0,0.0,0.0,0.0,nan,0.0,0.0,0.3,0.0
0.0,0.0,0.0,0.0,0.3,0.0,0.0,0.0,0.0,0.0,nan,0.0,0.0,0.5,0.0
0.0,0.0,0.0,0.0,0.0,0.0,0.0,0.0,0.0,0.0,nan,0.0,0.0,0.0,0.0
0.0,0.0,0.0,0.0,0.0,0.0,0.0,0.0,0.0,0.0,nan,0.0,0.0,0.0,0.0
0.0,0.0,0.0,0.0,0.0,0.0,0.0,0.0,0.0,0.0,nan,0.0,0.0,0.0,0.0
0.0,0.0,0.0,0.0,0.0,0.0,0.0,0.0,0.0,0.0,nan,0.0,0.0,0.0,0.0
0.0,0.0,0.0,0.0,0.0,0.0,0.0,0.0,0.0,0.0,nan,0.0,0.0,0.0,0.0
0.0,0.0,0.0,0.0,0.0,0.0,0.0,0.0,0.0,3.0,nan,0.0,0.5,0.0,0.0
0.0,0.0,0.0,0.0,0.0,0.0,0.0,0.0,0.0,2.0,nan,0.0,0.0,0.0,0.0
0.0,0.0,0.0,0.0,0.0,0.0,0.0,0.0,0.0,0.0,nan,0.0,0.5,0.0,0.0
0.0,0.0,0.0,0.0,7.1,0.0,0.0,0.0,0.0,0.3,nan,0.0,0.5,0.0,0.0
0.0,0.0,0.0,0.0,0.0,0.0,0.0,0.0,0.0,0.0,nan,0.0,0.3,11.4,0.0
0.0,0.0,0.0,10.9,0.0,0.0,0.0,0.0,0.0,0.0,nan,0.0,0.0,11.4,0.0
0.0,0.0,0.0,0.0,0.0,0.0,0.5,0.0,0.0,0.0,nan,0.0,0.0,0.0,0.0
0.0,0.0,0.0,0.0,2.8,0.0,0.0,0.0,0.0,0.0,nan,0.0,0.0,0.0,0.3
0.0,0.0,0.0,0.5,0.0,0.0,0.0,0.0,0.0,0.0,nan,0.0,0.0,0.0,0.3
0.0,0.0,0.0,0.0,0.0,3.0,0.0,0.0,0.0,2.5,nan,0.0,0.0,0.0,0.0
0.0,0.0,0.0,0.0,0.0,1.5,0.0,0.0,0.0,0.0,nan,0.0,0.0,0.0,0.0
0.0,0.0,0.0,0.0,0.0,0.3,0.0,0.0,0.0,0.0,nan,0.3,0.0,0.0,0.0
0.0,0.0,0.0,0.0,0.0,0.0,0.0,0.0,0.0,0.0,nan,0.0,0.0,0.0,1.8
0.0,0.0,0.0,0.0,0.0,0.0,0.0,0.0,0.0,0.0,0.0,0.0,0.0,0.0,0.5
0.0,0.0,0.0,0.0,0.0,0.0,0.0,0.0,0.0,0.0,0.0,0.0,0.0,0.0,0.0
0.0,0.0,0.0,0.0,0.0,0.0,0.0,0.0,0.0,3.3,0.0,0.0,0.0,0.0,0.0
0.0,0.0,0.0,0.0,0.0,0.0,0.0,0.0,0.0,0.0,0.0,0.0,2.8,0.0,0.0
0.0,0.0,0.0,0.0,0.0,0.0,0.0,0.0,0.0,0.0,0.0,0.0,0.3,0.0,0.0
0.0,0.0,0.0,0.0,0.0,9.1,6.1,0.0,0.0,0.0,0.0,0.0,0.5,0.0,0.0
0.0,0.0,0.0,0.0,0.0,1.8,0.8,0.0,0.0,0.0,0.0,0.0,0.5,0.0,0.0
0.0,0.0,0.0,0.0,0.0,0.0,0.3,0.0,0.0,0.0,0.0,0.0,0.0,0.0,0.0
0.0,0.0,0.0,0.0,0.0,0.0,0.0,0.0,0.0,0.0,0.0,0.0,0.0,0.0,0.0
0.0,0.0,0.0,0.0,1.3,0.0,0.0,0.0,0.0,0.3,0.0,0.0,0.0,0.0,0.0
0.0,0.0,0.0,0.0,0.0,0.0,0.0,0.0,0.3,5.6,8.4,0.0,0.0,0.8,0.0
0.0,0.0,0.0,0.0,0.0,0.0,0.3,13.7,0.0,1.0,6.1,0.0,0.0,0.0,0.0
0.0,6.1,0.0,1.0,0.0,0.0,2.0,3.6,0.0,0.0,0.0,0.0,0.0,0.0,nan
0.0,1.3,0.0,0.5,0.0,0.0,1.0,0.0,0.0,0.0,0.0,0.0,0.0,0.0,nan
0.0,0.3,0.0,0.0,0.0,3.8,0.0,0.0,0.0,0.0,0.0,0.0,0.0,0.0,0.0
0.0,0.0,0.0,0.0,0.0,1.0,0.0,0.0,0.0,0.0,0.0,0.0,0.0,0.0,0.0
3.8,0.0,4.3,0.0,0.0,0.0,0.0,0.0,0.0,0.0,0.0,0.0,0.0,0.0,0.0
0.0,0.0,0.0,0.0,0.0,5.6,0.0,0.0,3.3,0.0,0.0,0.0,0.0,0.0,0.0
0.0,0.0,0.0,0.0,0.0,0.0,0.0,0.0,0.0,0.0,1.8,0.0,0.0,4.3,1.5
0.0,0.0,0.0,0.0,0.0,0.3,3.6,0.0,0.0,0.3,0.0,0.0,0.0,0.0,16.0
0.0,0.0,1.5,0.0,0.0,0.0,0.3,0.0,0.0,0.3,0.0,0.0,0.0,0.3,1.5
0.0,0.0,2.0,0.0,0.0,0.0,0.0,0.0,0.0,0.0,0.0,0.0,0.0,0.0,0.8
0.0,0.0,0.0,0.0,0.0,0.0,0.0,1.3,0.0,0.0,0.0,5.6,2.0,0.0,0.0
0.0,0.0,0.0,0.0,0.0,0.0,0.0,0.0,0.0,0.0,0.0,1.0,0.0,0.0,0.0
0.0,0.0,0.3,0.0,0.0,0.0,0.0,0.0,0.0,5.8,0.0,1.0,0.0,0.0,0.0
0.0,0.0,0.0,0.0,0.0,0.0,0.0,0.0,0.0,0.0,0.0,0.0,0.0,0.0,0.0
0.0,0.0,0.0,0.0,0.0,0.0,0.0,0.0,0.0,0.0,0.0,0.0,0.0,0.0,0.0
0.0,0.0,0.0,0.0,0.0,19.6,0.0,0.0,0.0,0.0,0.0,0.0,0.0,1.3,1.8
0.0,0.0,0.0,0.0,7.4,0.0,0.0,0.0,0.0,0.0,0.0,0.0,0.0,0.0,0.0
10.7,0.0,0.0,0.0,1.8,0.0,0.0,6.6,0.0,0.0,0.0,0.0,0.0,0.0,0.0
9.7,0.0,0.0,0.0,0.0,nan,0.0,0.0,0.0,0.0,0.0,0.0,0.0,0.0,0.0
0.5,0.0,0.0,0.3,0.0,0.0,2.3,0.3,0.0,0.0,0.0,0.0,0.0,0.0,0.0
0.0,0.0,0.0,0.0,0.0,0.0,0.0,0.0,0.0,0.0,0.0,0.0,0.0,0.0,0.0
0.0,0.0,0.0,0.0,0.0,0.0,0.0,0.0,0.0,0.0,0.0,0.0,0.0,0.0,0.5
0.0,0.0,0.0,2.8,0.0,0.0,0.0,0.0,0.0,0.0,0.0,0.3,0.0,0.0,0.0
0.0,0.0,0.0,0.0,0.0,0.0,0.0,0.0,0.0,0.0,0.0,1.0,0.0,0.0,0.0
0.5,0.0,0.0,0.0,0.0,0.0,0.0,0.0,0.0,5.1,2.0,0.0,0.0,0.0,0.0
0.0,0.0,0.0,0.0,2.8,0.0,0.0,0.0,0.3,5.8,1.3,2.8,2.3,0.0,0.0
0.0,0.0,0.0,0.0,2.3,0.0,0.0,0.0,0.0,4.3,0.3,0.5,0.0,1.5,0.0
0.0,0.0,0.0,0.0,1.3,0.0,0.5,0.0,0.0,2.8,0.3,0.0,0.0,2.0,0.0
0.0,0.0,0.0,0.0,11.4,0.0,0.0,0.5,0.8,0.0,0.3,0.0,0.0,0.0,0.0
0.0,1.0,0.0,0.0,0.3,0.8,0.0,0.5,0.0,0.0,4.1,4.1,0.0,0.0,0.0
0.0,0.0,0.0,0.0,0.0,1.0,0.0,0.0,0.0,0.3,3.3,0.0,nan,0.0,0.0
0.0,1.0,0.0,1.8,0.0,0.0,0.0,0.0,0.0,0.0,0.0,0.0,nan,0.0,0.0
0.0,6.1,0.0,0.0,0.0,0.0,0.0,3.0,0.0,2.8,0.5,0.0,0.0,0.0,0.3
0.0,3.3,0.0,3.3,0.0,0.0,0.0,18.3,0.0,0.0,0.5,6.1,0.0,0.0,0.3
0.0,0.0,0.5,0.0,0.0,0.0,0.0,12.7,0.0,0.0,0.0,1.0,0.0,0.0,0.0
0.0,0.0,0.0,0.0,0.0,6.6,0.0,0.0,2.8,0.3,0.3,0.0,0.0,nan,0.8
0.0,0.0,0.0,0.5,0.0,7.6,0.0,0.0,4.1,0.0,0.5,0.0,0.0,0.0,3.8
0.0,0.0,10.9,0.0,0.0,6.9,0.0,0.0,0.0,0.0,0.0,0.0,1.0,0.0,3.6
0.0,0.0,2.0,0.0,25.1,0.3,0.0,0.0,0.0,0.0,0.0,0.0,0.3,0.0,0.0
0.0,0.0,0.0,0.0,0.0,0.0,0.0,0.0,0.0,1.0,0.0,0.0,0.3,0.0,0.0
0.0,0.0,0.0,6.6,0.0,0.0,0.0,0.0,0.0,0.0,0.0,1.3,0.0,0.0,0.0
0.0,0.0,0.0,0.0,0.0,0.0,17.5,0.0,0.0,1.5,0.0,6.9,nan,0.0,0.0
0.0,1.0,0.3,1.5,0.0,0.0,12.4,0.0,3.3,0.8,0.0,0.0,15.2,0.8,0.0
0.0,0.0,0.0,0.5,0.0,0.0,1.0,0.8,1.0,0.0,0.0,0.0,1.3,0.0,1.8
0.5,2.3,0.0,0.0,0.0,0.0,1.5,0.5,0.0,0.0,0.0,0.0,1.0,11.2,16.0
0.0,0.0,0.0,0.0,0.0,0.0,0.0,0.8,4.8,0.0,2.0,0.0,0.0,11.2,23.9
0.0,0.0,0.0,2.3,0.0,0.0,0.0,0.3,0.0,0.0,0.0,nan,0.0,0.0,1.0
0.0,0.0,0.0,5.6,0.0,0.0,0.0,48.5,0.0,0.0,0.0,3.8,0.0,0.0,2.0
0.0,8.1,0.0,0.0,0.0,0.0,0.0,6.3,0.0,0.0,6.9,1.8,0.0,0.0,2.0
0.0,6.1,0.0,0.0,0.0,0.0,3.8,0.0,0.5,0.0,7.1,9.4,0.0,0.0,0.0
0.0,4.3,0.0,0.3,0.0,0.0,9.9,0.0,0.0,3.3,0.0,8.9,0.0,0.0,0.0
0.0,0.0,0.0,0.0,0.0,0.0,4.1,0.0,0.0,0.0,2.0,0.0,0.0,4.1,1.5
0.0,0.0,0.0,0.0,0.0,0.0,0.0,0.0,0.0,0.3,0.0,0.0,0.3,13.5,0.5
0.0,0.0,0.0,0.0,0.0,0.0,0.0,0.0,0.0,0.0,0.0,0.0,0.3,7.4,nan
0.0,0.0,0.0,0.5,0.3,0.0,1.0,0.0,0.3,0.0,1.0,0.0,0.0,9.9,8.4
0.0,0.0,0.0,0.0,0.0,0.0,0.0,0.0,0.0,0.0,0.8,0.0,0.3,0.0,0.0
0.0,0.0,0.0,4.3,0.0,nan,0.0,0.0,0.0,0.8,0.0,0.0,7.1,4.3,0.0
0.0,0.5,3.6,0.0,0.0,1.8,0.0,3.3,0.0,2.3,0.0,0.0,1.0,3.8,0.0
0.0,0.0,20.6,0.0,0.0,0.5,0.0,1.3,0.0,0.0,0.0,0.0,0.0,3.0,nan
5.1,1.0,1.0,4.6,0.0,3.6,0.0,2.3,0.0,0.0,0.0,0.0,0.0,1.5,0.0
0.0,0.0,0.0,0.3,0.0,2.0,0.0,0.0,11.7,0.0,0.0,0.0,0.0,3.0,nan
0.0,0.0,0.0,0.0,6.3,0.8,0.0,0.8,0.3,0.0,0.0,0.3,0.0,35.3,nan
0.0,0.0,0.0,0.0,0.0,0.0,0.0,7.4,0.0,0.0,0.0,0.0,0.0,0.0,nan
0.0,0.0,0.0,0.3,0.0,0.0,0.0,7.1,1.8,0.0,0.0,19.6,0.0,0.0,0.0
0.0,0.0,0.0,4.8,0.0,0.0,0.0,0.0,0.8,0.0,0.0,16.5,nan,0.0,0.0
0.0,0.0,0.0,3.6,0.0,0.0,0.0,0.0,0.0,0.0,0.0,23.4,0.0,3.8,0.0
0.0,4.3,5.1,0.0,0.0,0.0,0.0,0.0,0.0,0.0,0.0,0.0,0.0,0.0,3.0
0.0,13.2,20.3,0.0,0.0,0.0,0.0,3.3,0.0,0.0,0.0,0.0,0.0,0.0,2.8
0.8,0.0,0.0,0.0,0.8,0.0,0.0,0.0,0.3,0.0,9.7,0.0,0.0,0.0,0.0
0.5,0.5,0.0,0.0,0.0,0.0,0.0,0.0,0.0,0.0,3.3,0.0,0.3,50.5,3.3
0.0,0.0,0.0,0.0,0.0,0.0,0.0,1.3,0.0,0.0,0.0,0.0,0.0,6.6,0.0
0.0,0.0,0.0,0.0,0.0,0.0,1.5,0.0,0.3,0.0,9.9,0.0,0.0,0.0,0.0
0.0,0.5,1.0,0.0,0.5,0.0,0.0,0.0,0.0,0.0,0.0,2.3,0.0,0.0,2.5
0.0,2.8,0.0,0.0,0.3,0.0,1.8,0.0,0.0,0.0,0.0,0.0,0.0,1.0,0.0
0.0,2.5,0.0,0.0,0.0,0.0,3.8,6.1,0.0,0.0,0.0,0.0,0.0,0.0,2.3
0.0,0.0,0.0,0.0,0.0,0.0,0.8,4.3,0.0,0.0,0.0,0.0,0.0,0.0,0.0
0.8,0.0,0.0,0.0,0.0,0.0,0.8,1.8,0.0,0.0,0.0,0.0,0.0,0.0,1.0
0.5,0.0,1.0,7.9,0.0,0.0,0.0,14.2,0.0,0.0,0.0,0.0,0.0,0.0,10.2
0.0,0.0,0.0,1.5,0.0,0.0,0.0,2.0,0.0,1.3,0.0,0.0,0.0,0.0,0.0
1.0,3.8,0.0,0.5,0.0,0.0,0.8,0.0,0.0,0.0,0.0,nan,0.0,0.0,0.0
5.3,0.5,4.1,0.0,0.0,0.0,0.5,0.0,0.8,0.0,0.0,0.0,0.3,0.0,nan
1.3,0.0,0.0,0.0,5.1,0.0,0.0,6.9,0.3,4.1,0.0,0.0,0.0,0.0,0.0
0.0,0.0,0.0,0.0,2.5,0.0,0.0,0.0,0.3,2.8,nan,0.0,4.8,nan,0.0
0.0,0.0,0.5,0.0,0.0,0.5,0.0,0.0,0.0,0.0,0.0,0.0,1.5,0.0,0.0
0.0,0.0,0.0,0.0,0.0,0.0,0.0,0.0,0.0,0.0,0.0,0.0,0.5,4.1,0.0
0.0,0.0,0.0,0.0,0.0,0.0,0.0,0.0,0.0,0.0,0.0,0.0,12.2,0.5,8.4
0.0,0.0,0.0,0.0,0.0,0.0,0.0,0.0,0.5,0.0,1.0,0.0,0.0,0.0,0.8
0.0,0.0,0.0,0.0,0.0,0.0,0.0,0.0,0.0,0.0,0.0,0.0,0.0,0.0,0.5
0.0,0.0,20.8,0.0,0.0,5.1,0.3,0.0,0.0,0.0,1.0,0.0,1.0,0.3,0.0
0.0,0.0,10.7,0.0,14.0,0.0,0.0,0.0,8.4,2.8,0.0,0.0,1.8,0.3,0.0
0.0,0.0,0.0,13.2,nan,0.0,0.0,0.0,0.5,0.0,0.0,0.0,1.5,0.3,7.1
0.0,0.0,0.0,0.0,0.0,0.0,0.0,0.0,0.5,0.0,0.0,0.0,0.0,0.0,1.8
0.0,2.0,0.0,0.0,0.0,0.0,0.0,0.0,0.0,0.0,0.0,0.0,0.0,1.3,0.0
0.0,0.0,0.0,0.0,0.0,1.0,0.0,0.0,0.0,0.0,0.0,0.0,0.0,3.0,0.0
0.0,0.0,0.0,0.0,0.0,0.0,0.0,0.3,1.0,0.0,nan,0.0,0.0,2.8,0.0
6.1,0.0,0.0,0.0,0.0,0.0,0.5,0.8,0.0,0.0,0.0,0.0,0.0,0.0,2.0
2.0,0.0,0.0,0.0,4.3,0.0,0.0,0.5,3.3,0.0,0.0,0.0,0.0,0.0,4.1
0.5,0.0,0.0,0.0,0.0,0.0,0.0,0.0,2.3,0.0,1.3,0.0,0.0,nan,0.0
0.0,0.0,0.0,0.0,0.8,0.3,0.0,0.0,2.0,0.0,0.5,0.0,0.0,0.0,0.0
0.0,9.9,0.0,0.0,13.0,0.0,0.0,0.0,0.0,0.0,0.0,0.0,0.0,0.0,0.0
0.0,7.9,0.0,0.0,1.0,0.0,0.0,0.5,7.6,0.0,0.5,0.0,0.0,0.0,3.3
1.5,0.0,0.0,20.3,0.0,0.0,0.0,0.0,16.8,0.0,0.5,0.0,5.6,0.0,0.0
0.0,0.0,0.0,0.0,0.0,0.0,0.0,0.0,0.0,0.0,0.0,0.0,3.3,0.0,0.0
0.0,0.0,0.0,0.0,0.0,0.0,0.0,0.0,0.0,0.0,0.0,27.7,0.0,17.0,0.0
1.5,0.3,0.0,0.0,0.0,0.0,0.0,0.0,0.0,0.0,0.5,0.0,0.0,0.0,0.0
0.0,0.0,0.0,0.0,0.0,0.0,0.0,0.0,0.0,0.0,0.0,6.1,0.3,0.0,0.0
0.0,0.0,0.0,0.0,0.5,0.0,6.3,0.0,0.0,0.0,3.3,0.0,0.0,0.0,1.5
0.0,0.0,0.0,0.0,4.1,0.0,0.0,0.0,0.0,0.0,3.0,0.0,0.0,0.0,1.0
0.0,0.0,0.0,0.0,1.0,0.0,0.0,0.0,0.5,0.0,0.0,0.0,0.0,4.1,0.0
0.0,0.0,nan,0.0,0.0,0.0,0.0,0.0,0.5,0.0,0.8,0.0,0.0,0.0,0.0
0.0,0.0,0.0,2.5,0.8,0.0,0.0,0.0,0.3,0.0,0.3,0.0,0.0,nan,0.0
2.8,0.0,0.0,0.0,0.3,0.0,0.0,0.0,0.0,0.0,1.0,0.0,0.0,0.0,0.0
2.0,1.0,0.0,0.0,0.0,0.0,0.0,0.0,0.0,0.5,0.0,0.0,0.0,0.0,0.0
0.0,5.3,0.0,0.0,0.0,0.0,0.0,3.3,0.0,0.5,0.0,0.0,0.0,11.7,0.0
0.0,0.3,0.0,0.0,0.0,0.0,0.0,0.0,0.0,0.0,0.0,0.0,0.0,0.0,0.0
0.0,0.3,0.0,0.3,13.2,1.0,0.0,0.0,1.0,0.0,0.0,0.8,1.3,0.0,0.0
0.0,0.0,0.0,1.0,9.1,0.0,0.0,0.0,0.0,0.0,13.5,1.3,0.0,0.0,0.0
0.0,0.0,0.0,0.0,0.0,0.0,0.0,0.0,0.0,0.0,0.3,0.0,0.0,0.0,0.0
0.0,0.0,0.0,0.0,0.0,0.0,5.6,0.0,0.0,0.0,0.0,0.0,0.0,0.0,0.0
0.0,0.0,0.0,0.0,0.0,0.3,0.3,0.0,0.0,0.0,0.0,0.0,0.0,0.0,0.0
0.0,0.0,0.0,9.9,0.0,6.1,1.5,0.0,0.0,0.0,0.0,0.0,0.0,0.0,0.0
0.0,0.0,0.0,0.0,0.0,5.1,1.0,0.0,0.0,0.0,0.0,0.0,1.5,0.0,0.0
0.3,0.0,0.3,0.0,0.0,0.0,0.0,1.0,0.0,0.0,nan,6.1,2.0,0.0,0.0
0.0,0.0,0.0,0.0,0.0,0.0,0.0,1.5,0.0,0.0,3.8,0.0,0.0,0.0,5.1
0.0,0.0,4.3,0.0,0.0,0.0,0.0,0.3,0.0,0.0,3.0,0.0,0.0,0.0,0.0
0.0,0.5,16.5,0.0,0.0,0.0,0.0,0.3,0.0,0.0,0.0,0.0,0.0,nan,nan
0.0,0.5,0.3,0.0,0.0,0.0,1.8,0.0,0.0,0.0,0.0,0.0,0.0,0.5,0.0
0.0,0.0,0.0,0.0,0.0,3.3,1.5,0.0,0.0,0.0,0.0,0.0,0.0,0.0,0.0
0.0,0.0,0.0,0.0,0.0,9.9,0.0,0.0,0.0,0.0,2.3,0.0,0.0,0.0,0.0
0.0,0.0,0.3,0.0,0.0,0.0,0.0,0.0,0.0,0.0,1.8,0.0,0.0,nan,0.0
0.0,0.0,0.0,0.0,0.0,0.0,0.0,0.0,34.8,0.5,0.0,0.0,0.0,0.0,0.0
0.0,1.3,0.0,0.0,0.0,0.0,0.0,0.0,0.0,0.0,0.0,0.0,0.0,nan,0.0
0.0,0.0,0.0,0.0,0.0,4.1,0.0,0.0,0.0,0.0,0.0,0.0,0.0,0.0,0.0
0.0,0.0,0.0,3.8,0.0,0.0,0.0,0.0,0.0,0.0,10.9,0.0,0.0,0.0,0.0
0.0,0.0,0.0,0.0,0.0,0.0,0.0,0.0,0.5,0.8,0.3,0.0,0.0,0.0,0.0
0.0,1.5,0.0,0.0,0.0,0.0,0.0,0.0,0.0,0.0,0.0,0.0,0.0,0.0,0.0
0.0,11.4,0.0,0.0,0.0,0.0,0.0,0.8,0.0,0.0,0.0,0.0,0.0,nan,0.0
0.0,9.9,0.0,0.0,0.3,0.0,0.0,0.0,0.0,3.8,0.0,0.3,0.0,0.0,0.0
0.0,0.0,0.0,0.0,0.0,0.0,0.0,0.0,0.0,0.0,0.0,1.0,0.0,0.0,0.0
0.0,0.0,0.0,0.0,0.0,0.0,1.5,1.3,0.0,0.0,0.0,0.0,0.0,1.0,0.0
1.8,0.0,0.0,0.0,0.0,0.0,0.0,0.0,0.0,0.0,0.0,0.0,0.0,1.8,nan
1.5,0.0,0.0,0.0,0.5,0.0,0.0,0.0,0.0,0.5,2.5,0.0,0.0,0.0,nan
0.5,0.0,0.0,0.0,0.0,0.0,0.0,0.0,0.0,0.8,3.8,0.0,0.0,nan,0.0
0.0,0.0,0.0,0.0,0.0,0.0,0.0,0.0,0.0,0.0,0.0,0.0,0.0,0.0,0.0
0.0,0.0,0.0,0.0,0.0,0.0,0.0,0.0,0.0,0.0,0.0,0.0,0.0,0.0,0.0
0.0,0.0,0.0,0.0,0.0,0.0,0.0,0.0,0.0,0.0,0.0,12.7,0.0,0.0,9.7
0.0,0.0,0.0,3.8,0.0,0.0,0.0,0.0,0.0,3.3,0.0,11.9,0.0,nan,0.0
0.0,0.0,0.0,0.0,0.0,0.0,0.0,0.0,0.0,0.0,0.0,9.4,0.0,0.0,0.0
0.0,0.0,1.0,0.0,0.0,0.0,0.0,0.0,0.0,0.0,0.0,4.6,0.0,0.0,0.0
0.0,0.0,0.0,1.5,0.0,0.0,0.0,0.0,0.0,0.0,0.0,2.0,0.0,0.0,0.0
0.0,0.0,0.0,0.0,0.0,0.0,0.0,0.0,0.0,0.0,0.0,0.5,0.0,0.0,0.0
0.0,0.0,0.0,0.0,0.0,0.0,0.0,0.0,0.0,0.0,0.0,0.0,1.0,0.0,0.0
0.0,11.4,0.0,0.0,0.0,3.6,0.0,0.0,0.0,0.0,0.0,0.0,0.0,0.0,0.0
0.0,0.0,0.0,0.0,0.0,0.0,0.0,0.0,0.0,0.0,0.0,0.0,0.0,0.0,0.0
0.0,0.0,0.5,0.0,0.0,0.0,0.0,0.0,0.0,0.0,0.0,0.0,1.3,0.0,0.0
0.0,0.0,0.0,0.0,0.0,0.0,0.8,0.0,0.0,0.0,0.0,0.0,1.0,0.0,0.0
0.0,0.0,0.0,0.0,0.0,0.0,0.0,0.0,0.0,0.0,0.0,0.0,0.0,0.0,0.0
0.0,0.0,0.0,0.0,0.0,0.0,0.0,0.0,0.0,0.0,0.0,0.0,0.0,0.0,0.0
0.0,0.0,0.0,0.0,0.0,0.0,0.0,0.0,0.0,0.0,0.0,0.0,0.0,0.0,0.0
0.0,0.0,0.0,0.0,0.0,0.0,0.0,0.0,0.0,0.0,0.0,0.0,0.3,0.0,0.8
0.0,0.0,0.0,0.0,0.0,2.5,0.0,0.0,0.0,0.0,0.0,0.0,0.3,0.0,0.8
0.0,0.0,0.0,0.0,0.0,0.0,0.0,0.0,0.0,0.0,0.0,0.0,0.0,0.0,0.0
0.0,0.0,0.0,0.0,0.0,0.0,0.0,0.0,0.0,0.0,0.0,1.8,0.0,0.0,0.0
0.0,0.0,0.0,0.0,0.0,0.3,0.0,1.5,1.5,0.0,0.0,0.0,0.3,0.0,0.0
0.0,0.0,0.0,2.5,0.0,0.0,0.0,0.0,0.0,0.0,0.0,0.0,0.0,0.0,0.0
0.0,0.0,0.0,0.0,0.0,0.0,0.0,0.0,0.0,0.0,0.0,0.0,0.0,0.0,6.9
0.0,0.0,0.0,0.0,0.0,0.0,0.0,0.0,0.0,0.0,0.0,0.0,0.0,0.0,6.9
0.0,0.0,0.0,0.0,0.0,0.0,0.3,0.0,0.0,0.0,0.8,0.0,0.0,0.0,4.6
0.3,0.0,0.0,0.0,0.0,0.0,2.8,0.0,0.0,0.0,0.0,0.0,0.0,0.0,0.0
1.5,0.0,0.0,0.0,0.0,0.0,2.3,0.0,0.0,0.0,0.0,0.0,0.0,0.0,0.8
0.0,0.0,0.0,0.0,0.0,0.0,0.0,0.0,0.0,0.0,0.0,0.0,0.0,0.8,0.0
0.0,0.0,0.0,0.0,0.0,0.0,0.0,0.0,0.0,3.6,0.0,0.0,0.0,0.8,0.0
0.0,0.0,0.0,0.0,0.0,0.0,0.0,0.0,0.0,1.0,0.0,0.0,0.0,0.0,0.0
0.0,0.0,0.0,0.0,1.5,0.0,0.0,0.0,0.0,5.1,0.0,0.0,0.0,0.0,0.0
0.0,0.0,0.0,0.0,0.0,0.0,0.0,0.0,0.0,2.0,0.0,0.0,nan,0.0,0.0
0.0,0.0,0.0,0.0,0.0,0.0,0.0,0.5,0.0,0.0,0.0,0.0,0.0,0.0,0.0
0.0,0.0,0.0,0.0,0.0,0.0,0.5,3.0,0.0,0.0,0.0,0.0,0.0,0.3,0.0
0.0,0.0,0.0,0.0,0.0,0.0,0.0,0.5,0.0,0.0,0.0,0.0,0.0,0.0,0.0
0.0,0.0,0.0,0.0,0.0,0.0,0.0,0.0,0.0,0.0,0.0,0.0,0.0,0.0,0.0
0.0,0.0,0.0,0.0,0.0,0.0,0.0,0.0,0.0,0.0,0.0,nan,0.0,0.0,0.0
0.0,0.0,0.0,0.0,3.0,0.0,0.0,0.0,0.0,0.0,0.0,0.0,0.0,0.0,0.0
0.0,0.0,0.0,0.0,3.3,0.0,0.0,0.0,0.0,0.0,0.0,0.0,0.0,0.0,0.0
0.0,0.0,0.0,0.0,0.3,0.0,0.0,0.0,0.0,0.0,0.0,0.5,1.0,0.0,nan
0.0,0.0,0.0,0.0,0.0,0.5,0.0,0.0,0.0,0.0,0.0,0.3,0.0,0.3,0.0
0.0,0.0,0.0,0.0,0.0,nan,0.0,0.0,0.0,0.0,0.0,0.0,0.0,0.0,0.0
0.0,0.0,0.0,0.0,0.5,1.3,0.0,0.0,0.0,0.0,0.0,0.0,0.0,0.0,0.0
0.0,0.0,0.0,0.0,0.0,0.5,0.0,0.0,0.0,0.0,0.0,0.0,nan,0.0,0.0
0.0,0.0,0.0,0.0,0.0,0.0,0.0,0.0,0.0,0.0,0.0,0.0,0.0,1.8,0.0
0.0,0.0,0.0,0.0,0.0,0.0,0.0,0.0,0.0,0.8,0.3,0.0,0.0,0.0,0.0
0.0,0.0,0.0,0.0,0.0,0.0,0.0,0.0,0.0,0.3,0.3,0.0,0.0,0.0,0.0
0.0,0.0,0.0,0.0,0.0,0.0,0.0,0.0,0.0,0.0,0.3,0.0,0.0,nan,0.0
0.0,0.0,0.0,0.0,0.3,0.0,1.5,0.0,0.0,0.0,0.3,0.0,0.0,nan,0.0
0.0,0.0,0.0,0.0,0.0,0.0,0.0,0.0,0.0,0.0,0.3,0.0,0.0,nan,0.0
0.0,0.0,0.0,0.0,0.0,0.3,0.0,0.0,0.0,0.0,0.0,0.0,0.0,nan,0.0
0.0,0.0,0.0,0.0,0.0,0.0,0.5,1.3,0.0,0.0,0.0,0.0,0.0,nan,0.0
0.0,0.0,0.0,0.0,0.0,0.0,0.0,0.0,0.0,0.0,1.3,0.0,0.0,nan,0.0
0.0,0.0,0.0,0.0,0.0,nan,0.0,0.0,0.0,0.0,0.0,0.0,0.0,0.0,0.0
0.0,0.0,0.0,0.0,0.0,0.0,0.0,0.0,0.3,0.0,0.0,0.0,0.0,0.0,0.0
0.0,1.5,0.0,0.0,0.0,0.0,0.0,0.0,0.0,0.0,0.0,0.0,nan,0.0,0.0
0.0,0.3,0.0,0.0,0.0,0.0,0.0,0.0,0.0,0.0,0.0,0.0,0.0,0.0,0.0
0.0,0.0,0.0,0.0,0.0,0.0,0.0,0.0,0.0,0.0,0.0,0.0,0.0,0.0,0.0
0.0,0.3,0.0,0.0,0.0,0.0,0.0,0.0,0.0,0.0,0.0,0.0,0.0,0.0,0.0
0.0,0.0,0.0,0.0,0.0,0.0,0.0,0.0,0.0,0.0,0.0,0.3,0.0,0.0,1.8
1.8,0.0,0.0,0.0,0.0,0.0,0.0,0.0,0.0,0.0,0.0,0.0,0.0,0.0,0.0
0.0,0.0,0.0,0.0,0.0,0.0,0.0,1.8,0.0,0.0,0.3,0.0,0.0,0.0,0.0
0.3,0.0,0.0,0.0,0.0,0.0,0.0,1.5,0.0,0.0,0.0,0.0,0.0,0.0,0.0
0.0,0.0,0.0,0.0,0.0,0.0,0.0,0.0,0.0,0.0,0.0,0.0,0.0,0.0,0.0
0.0,0.0,0.0,0.0,0.0,0.0,0.0,0.0,0.0,0.0,0.0,1.0,0.0,0.0,0.0
0.0,0.0,0.0,0.0,0.0,0.0,0.3,0.0,0.0,0.0,0.0,0.0,0.0,0.0,0.0
0.0,0.0,0.0,0.0,0.0,0.0,1.0,0.0,0.0,0.0,0.0,0.0,0.0,0.0,0.0
0.0,0.0,0.0,0.0,0.0,0.0,0.0,0.0,0.0,0.0,0.0,0.0,0.0,0.0,0.0
0.0,0.5,0.0,0.0,0.0,0.0,0.0,0.0,0.0,0.0,9.9,0.0,0.0,0.0,0.0
0.0,0.3,0.0,0.0,0.0,0.5,0.0,0.0,0.0,0.0,0.0,0.0,0.0,0.0,1.0
0.0,0.0,0.8,0.0,0.0,0.0,0.0,0.0,0.0,0.0,0.0,0.0,0.0,0.0,0.0
0.0,0.0,0.0,0.0,0.0,0.0,0.0,0.0,0.0,0.0,0.0,0.0,0.0,0.0,0.0
0.0,0.0,0.0,0.0,0.0,0.0,0.0,0.0,0.0,0.0,0.0,0.0,0.0,0.0,0.0
0.0,0.0,0.0,0.0,0.0,0.0,0.0,0.0,0.0,0.0,2.0,0.0,0.0,0.0,0.0
0.0,0.0,0.0,0.0,0.0,0.0,0.0,0.0,0.0,0.0,0.3,nan,1.0,0.0,0.0
0.0,0.0,0.0,0.0,0.0,0.0,0.0,0.0,0.0,0.0,0.0,0.0,0.0,0.0,0.0
0.0,0.0,0.0,0.0,0.0,0.0,0.0,0.0,0.0,0.0,20.1,0.0,0.0,0.0,0.0
0.0,0.0,0.0,0.0,0.0,0.0,0.0,0.0,0.0,0.0,20.1,0.0,0.0,0.0,0.0
0.0,0.0,0.0,0.0,0.0,0.0,0.0,0.0,0.0,0.0,0.0,0.0,0.0,0.0,0.0
0.0,0.0,0.0,0.0,0.0,0.0,0.0,0.0,0.0,0.0,20.1,0.0,0.0,0.5,0.0
0.0,0.0,0.0,0.3,0.0,0.0,0.0,0.5,0.0,0.0,20.1,0.0,0.0,0.0,0.0
0.0,0.0,0.0,0.0,0.0,0.0,0.0,0.0,0.0,0.0,0.0,0.0,0.0,0.0,1.0
0.0,0.0,0.0,0.0,0.0,0.0,0.0,0.0,0.0,0.0,20.1,0.0,0.0,0.0,0.5
0.0,0.0,0.0,0.0,0.0,0.0,0.0,0.0,0.0,0.0,0.0,0.0,0.0,0.0,0.0
0.0,0.0,0.0,0.0,0.0,0.0,0.0,0.0,0.0,0.0,9.9,0.0,0.0,0.0,0.0
0.0,0.8,0.0,0.0,0.0,0.0,0.0,0.0,0.0,0.0,9.9,0.3,0.0,0.0,0.0
0.0,0.5,0.0,3.0,0.0,0.0,0.0,0.0,0.0,0.0,0.0,1.5,0.0,0.0,0.0
0.0,0.0,0.3,1.3,0.0,0.0,0.0,0.0,0.0,0.0,0.0,0.0,0.0,0.0,0.0
0.0,0.0,0.0,1.5,0.5,1.0,0.0,0.0,0.0,0.0,9.9,0.0,0.0,0.0,0.0
0.0,0.3,0.0,0.0,0.3,0.0,0.0,0.0,0.0,0.0,0.3,20.1,0.0,0.0,0.0
0.0,0.5,0.0,0.0,0.0,0.0,0.0,0.0,0.0,0.0,0.0,0.0,0.0,0.0,0.0
0.0,0.0,0.0,0.0,0.0,0.0,0.0,0.0,0.0,0.0,0.0,0.0,0.0,0.0,0.0
